0.0
0.0
4.241367756274044
6.163860055721296
7.428316743425939
8.484282865990751
9.427914168269412
10.298342996611844
11.11568089103298
11.892161876107458
12.63551590811453
13.351313101643546
14.043365913942255
14.714754484321428
15.367828986799035
16.004097048844503
16.62593313049695
17.23365387929549
17.82912565967765
18.41247629393677
18.985058758756857
19.547284882129873
20.099694484643834
20.64324346641344
21.177915669539804
21.70421495854495
22.222716060356895
22.733472765299627
23.23690019751365
23.73380168035316
24.224219374530655
24.707219449523148
25.184476288815574
25.65615619467891
26.121254865083717
26.581605528973952
27.035795393100464
27.48460861917326
27.929060187124705
28.367989560579844
28.801843317972352
29.231218941829873
29.65687001393873
30.07699711260828
30.49245311785333
30.9033035631509
31.31164480070138
31.714820335542797
32.114069173705
32.50975292587776
32.90014805066623
33.28783995206551
33.67230116506162
34.0529864469114
34.42933379239111
34.80197675227953
35.17287467904752
35.53786559579232
35.90148632153371
36.260787584306335
36.61796477351788
36.97131026323573
37.32178846010301
37.669039816175086
38.014141260548925
38.35532371893219
38.69370066553165
39.03048280707232
39.362330249950794
39.69356567300441
40.020810821627244
40.34535624949568
40.6669377795852
40.986966144765965
41.30353971335343
41.618112202430495
41.92872117400419
42.24043254202923
42.54594962559564
42.850409221408064
43.151808060757745
43.451811940557924
43.750273439208996
44.04510218463707
44.3380331648488
44.62691895751517
44.91555874955085
45.20182615377661
45.487627365356616
45.76868506567806
46.04899613188432
46.32417658776115
46.60049396523603
46.87353520202494
47.14534911131017
47.41358873453132
