49.66229638458483
49.37783922575549
49.08939178243582
48.79953152449736
48.50601474582848
48.21135859608523
47.91337262229889
47.61224586963767
47.31040355774235
47.003525264394824
46.69406051550243
46.3821892393321
46.06596646397641
45.747746923464014
45.427701812565296
45.103964638491725
44.77678771324945
44.446419840881816
44.115052055761424
43.7790035898783
43.43859953955084
43.09601792794346
42.75148561412509
42.4034261968367
42.05037635086834
41.694462975316874
41.334270243458846
40.971852337444176
40.60419035244437
40.23497223786916
39.86128273607845
39.483555099301135
39.10221318526629
38.717670744927986
38.328861632809506
37.93482796555517
37.53753753753754
37.13468751160459
36.72824769530246
36.318733202585896
35.904064340083295
35.48490117455023
35.060654933034144
34.63203463203463
34.198556820902155
33.759832551230545
33.31667499583541
32.86770747740345
32.41386016660724
31.953986259785907
31.490112104799092
31.018331834113965
30.541811740272436
30.060722659772743
29.570925865688853
29.077374894594517
28.574694250771515
28.067024053439617
27.55276354218328
27.030679821597516
26.50059626341593
25.96391016487083
25.41877430670293
24.865725084543463
24.304289707133307
23.733238400379733
23.1535077564251
22.56419513515953
21.96450535933931
21.353833013025838
20.73269338419754
20.099290495045526
19.45336056803813
18.793813076735137
18.119881133579764
17.43071291615827
16.724645437516724
16.0
15.254831968025872
14.487084763932954
13.693377882456042
12.869681604077115
12.010425048942484
11.107408641563923
10.148575140050337
9.113194995033307
7.962227194190759
6.600180844955152
4.596433167861739
0.0
0.0
0.0
0.0
0.0
0.0
0.0
